1 35 36 1 1 36 1 -1
1 36 1 1 1 35 36 -1
1 36 2 1 1 36 1 -1
1 36 3 1 1 36 2 -1
1 36 4 1 1 36 3 -1
1 36 5 1
1 36 6 1 1 36 5 -1
1 36 7 1 1 36 6 -1
1 36 8 1 1 36 7 -1
1 36 9 1 1 36 8 -1
1 36 10 1
1 36 11 1
1 36 12 1
1 36 13 1 1 36 12 -1
1 36 14 1
1 36 15 1
1 36 16 1 1 36 15 -1
1 36 17 1 1 36 16 -1
1 36 18 1
1 36 19 1 1 36 18 -1
1 36 20 1
1 36 21 1
1 36 22 1
1 36 23 1
1 36 24 1
1 36 25 1
1 36 26 1
1 36 27 1
1 36 28 1
1 36 29 1 1 36 28 -1
1 36 30 1 1 36 29 -1
1 36 31 1 1 36 30 -1
1 36 32 1
1 36 33 1
1 36 34 1 1 36 33 -1
1 36 35 1
1 36 36 1 1 36 35 -1
1 36 37 1 1 36 36 -1
3 13 1 -1 3 13 2 1
3 13 2 -1 3 13 3 1
3 13 3 -1 3 13 4 1
3 13 4 -1 3 13 5 1
3 13 5 -1
3 13 6 -1
3 13 7 -1
3 13 8 -1 3 13 9 1
3 13 9 -1
3 13 10 -1
3 13 11 -1
3 13 12 -1
3 13 13 -1
3 13 14 -1 3 13 15 1
3 13 15 -1
3 13 16 -1 3 13 17 1
3 13 17 -1
3 13 18 -1
3 13 19 -1
3 13 20 -1 3 13 21 1
3 13 21 -1 3 13 22 1
3 13 22 -1 3 13 23 1
3 13 23 -1 3 13 24 1
3 13 24 -1 3 13 25 1
3 13 25 -1 3 13 26 1
3 13 26 -1 3 13 27 1
3 13 27 -1
3 13 28 -1
3 13 29 -1
3 13 30 -1 3 13 31 1
3 13 31 -1 3 13 31 1
3 13 32 -1 3 13 33 1
3 13 33 -1 3 13 33 1
3 13 34 -1 3 13 33 1
8 24 1 -1 8 24 6 1
8 24 2 -1 8 24 6 1
8 24 3 -1 8 24 6 1
8 24 4 -1 8 24 6 1
8 24 5 -1 8 24 6 1
8 24 6 -1 8 24 7 1
8 24 7 -1 8 24 8 1
8 24 8 -1 8 24 9 1
8 24 9 -1 8 24 10 1
8 24 10 -1 8 24 14 1
8 24 11 -1 8 24 14 1
8 24 12 -1 8 24 14 1
8 24 13 -1 8 24 14 1
8 24 14 -1 8 24 14 1
8 24 15 -1 8 24 16 1
8 24 16 -1 8 24 17 1
8 24 17 -1 8 24 17 1
8 24 18 -1 8 24 17 1
8 24 19 -1 8 24 20 1
8 24 20 -1 8 24 21 1
8 24 21 -1 8 24 22 1
8 24 22 -1 8 24 22 1
8 24 23 -1 8 24 22 1
10 22 44 -1 10 22 47 1
10 22 45 -1 10 22 47 1
10 22 46 -1 10 22 47 1
10 22 47 -1 10 22 48 1
10 22 48 -1 10 22 49 1
10 22 49 -1 10 22 50 1
10 22 50 -1 10 22 51 1
10 22 51 -1 10 22 52 1
10 22 52 -1 10 22 52 1
10 22 53 -1 10 22 52 1
10 22 54 -1 10 22 52 1
17 16 23 1 17 17 1 -1
17 17 1 1 17 17 1 -1
17 17 2 1 17 17 1 -1
17 17 3 1 17 17 1 -1
17 17 4 1 17 17 3 -1
17 17 5 1 17 17 3 -1
17 17 6 1 17 17 3 -1
17 17 7 1 17 17 3 -1
17 17 8 1 17 17 7 -1
17 17 9 1 17 17 7 -1
17 17 10 1 17 17 12 -1
17 17 11 1 17 17 12 -1
17 17 12 1 17 17 12 -1
17 17 13 1 17 17 12 -1
17 17 14 1 17 17 12 -1
17 17 15 1 17 17 12 -1
17 36 34 1 17 37 3 -1
17 37 1 1 17 37 3 -1
17 37 2 1 17 37 3 -1
17 37 3 1 17 37 3 -1
17 37 4 1 17 37 3 -1
17 37 5 1 17 37 4 -1
17 37 6 1 17 37 5 -1
17 37 7 1 17 37 6 -1
17 37 8 1 17 37 7 -1
17 37 9 1 17 37 7 -1
17 37 10 1 17 37 7 -1
17 37 11 1 17 37 7 -1
17 37 12 1 17 37 7 -1
17 37 13 1 17 37 7 -1
17 37 14 1 17 37 7 -1
17 37 15 1 17 37 14 -1
17 37 16 1 17 37 14 -1
17 37 17 1 17 37 16 -1
17 37 18 1 17 37 17 -1
17 37 19 1 17 37 17 -1
17 37 20 1 17 37 21 -1
17 37 21 1 17 37 21 -1
17 37 22 1 17 37 21 -1
17 37 23 1 17 37 21 -1
17 39 1 -3 17 39 4 3
17 39 2 -3 17 39 4 3
17 39 3 -3 17 39 4 3
17 39 4 -3 17 39 4 3
17 39 5 -3 17 39 4 3
17 39 6 -3 17 39 4 3
17 39 7 -3 17 39 10 3
17 39 8 -3 17 39 11 3
17 39 9 -3 17 39 11 3
17 39 10 -3 17 39 17 3
17 39 11 -3 17 39 17 3
17 39 12 -3 17 39 17 3
17 39 13 -3 17 39 17 3
17 39 14 -3 17 39 17 3
17 39 15 -3 17 39 17 3
17 39 16 -3 17 39 17 3
17 39 17 -3 17 39 17 3
17 39 18 -3 17 39 21 3
17 39 19 -3 17 39 22 3
17 39 20 -3 17 39 22 3
17 39 21 -3 17 39 24 3
17 39 22 -3 17 39 25 3
17 39 23 -3 17 39 25 3
17 39 24 -3 17 39 25 3
17 39 25 -3 17 39 28 3
17 39 26 -3 17 39 29 3
17 39 27 -3 17 39 29 3
17 39 28 -3 17 39 29 3
17 39 29 -3 17 39 29 3
17 39 30 -3 17 39 29 3
17 39 31 -3 17 39 29 3
17 39 32 -3 17 39 29 3
17 39 33 -3 17 39 29 3
17 39 34 1 17 39 29 3
17 39 35 2 17 39 29 3
17 39 36 3 17 39 29 3
17 39 37 4 17 39 29 3
17 39 38 5 17 39 29 3
17 40 1 5 17 39 29 3
17 40 2 5 17 39 29 3
17 40 3 5 17 39 29 3
17 40 4 5 17 39 29 3
17 40 5 5 17 39 29 3
17 40 6 5 17 39 29 3
17 40 7 5 17 39 29 3
17 40 8 5 17 39 29 3
17 40 9 5 17 39 29 3
17 40 10 5 17 39 29 3
17 40 11 5 17 39 29 3
17 40 12 5 17 39 29 3
17 40 13 5 17 39 29 3
17 40 14 5 17 39 29 3
17 40 15 5 17 39 29 3
17 40 16 5 17 39 29 3
17 40 17 5 17 39 29 3
17 40 18 5 17 39 29 3
17 40 19 5 17 39 29 3
18 3 1 x
18 3 2 -1 18 3 3 1
18 3 3 -1 18 3 3 1
18 3 4 -1 18 3 5 1
18 3 5 -1 18 3 6 1
18 3 6 -1 18 3 7 1
18 3 7 -1 18 3 8 1
18 3 8 -1 18 3 8 1
18 3 9 -1 18 3 8 1
18 4 1 x
18 4 2 -1 18 4 3 1
18 4 3 -1 18 4 4 1
18 4 4 -1 18 4 5 1
18 4 5 -1 18 4 6 1
18 4 6 -1 18 4 7 1
18 4 7 -1 18 4 8 1
18 4 8 -1 18 4 8 1
18 4 9 -1 18 4 8 1
18 5 1 x
18 5 2 -1 18 5 4 1
18 5 3 -1 18 5 4 1
18 5 4 -1 18 5 5 1
18 5 5 -1 18 5 6 1
18 5 6 -1 18 5 6 1
18 5 7 -1 18 5 8 1
18 5 8 -1 18 5 9 1
18 5 9 -1 18 5 10 1
18 5 10 -1 18 5 11 1
18 5 11 -1 18 5 12 1
18 5 12 -1 18 5 12 1
18 5 13 -1 18 5 12 1
18 6 1 x
18 6 2 -1 18 6 3 1
18 6 3 -1 18 6 4 1
18 6 4 -1 18 6 5 1
18 6 5 -1 18 6 5 1
18 6 6 -1 18 6 5 1
18 6 7 -1 18 6 8 1
18 6 8 -1 18 6 8 1
18 6 9 -1 18 6 8 1
18 6 10 -1 18 6 8 1
18 6 11 -1 18 6 8 1
18 7 1 x
18 7 2 -1 18 7 3 1
18 7 3 -1 18 7 3 1
18 7 4 -1 18 7 5 1
18 7 5 -1 18 7 6 1
18 7 6 -1 18 7 7 1
18 7 7 -1 18 7 8 1
18 7 8 -1 18 7 8 1
18 7 9 -1 18 7 10 1
18 7 10 -1 18 7 13 1
18 7 11 -1 18 7 13 1
18 7 12 -1 18 7 13 1
18 7 13 -1 18 7 13 1
18 7 14 -1 18 7 15 1
18 7 15 -1 18 7 16 1
18 7 16 -1 18 7 17 1
18 7 17 -1 18 7 17 1
18 7 18 -1 18 7 17 1
18 8 1 x
18 8 2 -1 18 8 3 1
18 8 3 -1 18 8 4 1
18 8 4 -1 18 8 5 1
18 8 5 -1 18 8 6 1
18 8 6 -1 18 8 7 1
18 8 7 -1 18 8 8 1
18 8 8 -1 18 8 8 1
18 8 9 -1 18 8 8 1
18 8 10 -1 18 8 8 1
18 9 1 x
18 9 2 -1 18 9 3 1
18 9 3 -1 18 9 3 1
18 9 4 -1 18 9 5 1
18 9 5 -1 18 9 6 1
18 9 6 -1 18 9 7 1
18 9 7 -1 18 9 7 1
18 9 8 -1 18 9 7 1
18 9 9 -1 18 9 7 1
18 9 10 -1 18 9 11 1
18 9 11 -1 18 9 12 1
18 9 12 -1 18 9 13 1
18 9 13 -1 18 9 14 1
18 9 14 -1 18 9 15 1
18 9 15 -1 18 9 15 1
18 9 16 -1 18 9 17 1
18 9 17 -1 18 9 18 1
18 9 18 -1 18 9 19 1
18 9 19 -1 18 9 20 1
18 9 20 -1 18 9 20 1
18 9 21 -1 18 9 20 1
18 12 1 x
18 12 2 -1 18 12 3 1
18 12 3 -1 18 12 5 1
18 12 4 -1 18 12 5 1
18 12 5 -1 18 12 6 1
18 12 6 -1 18 12 7 1
18 12 7 -1 18 12 7 1
18 12 8 -1 18 12 7 1
18 12 9 -1 18 12 7 1
18 13 1 x
18 13 2 -1 18 13 3 1
18 13 3 -1 18 13 3 1
18 13 4 -1 18 13 3 1
18 13 5 -1 18 13 3 1
18 13 6 : 18 13 5 18 13 6
18 18 1 x
18 18 2 -1 18 18 3 1
18 18 3 -1 18 18 3 1
18 18 4 -1 18 18 5 1
18 18 5 -1 18 18 5 1
18 18 6 -1 18 18 5 1
18 18 7 -1 18 18 5 1
18 18 8 -1 18 18 9 1
18 18 9 -1 18 18 9 1
18 18 10 -1 18 18 12 1
18 18 11 -1 18 18 12 1
18 18 12 -1 18 18 12 1
18 18 13 -1 18 18 12 1
18 18 14 -1 18 18 15 1
18 18 15 -1 18 18 16 1
18 18 16 -1 18 18 17 1
18 18 17 -1 18 18 18 1
18 18 18 -1 18 18 19 1
18 18 19 -1 18 18 20 1
18 18 20 -1 18 18 21 1
18 18 21 -1 18 18 21 1
18 18 22 -1 18 18 21 1
18 18 23 -1 18 18 25 1
18 18 24 -1 18 18 25 1
18 18 25 -1 18 18 25 1
18 18 26 -1 18 18 25 1
18 18 27 -1 18 18 25 1
18 18 28 -1 18 18 25 1
18 18 29 -1 18 18 25 1
18 18 30 -1 18 18 25 1
18 18 31 -1 18 18 32 1
18 18 32 -1 18 18 33 1
18 18 33 -1 18 18 33 1
18 18 34 -1 18 18 35 1
18 18 35 -1 18 18 36 1
18 18 36 -1 18 18 37 1
18 18 37 -1 18 18 37 1
18 18 38 -1 18 18 37 1
18 18 39 -1 18 18 37 1
18 18 40 -1 18 18 37 1
18 18 41 -1 18 18 37 1
18 18 42 -1 18 18 44 1
18 18 43 -1 18 18 44 1
18 18 44 -1 18 18 46 1
18 18 45 -1 18 18 46 1
18 18 46 -1 18 18 47 1
18 18 47 -1 18 18 48 1
18 18 48 -1 18 18 49 1
18 18 49 -1 18 18 50 1
18 18 50 -1 18 18 50 1
18 18 51 -1 18 18 50 1
18 19 1 x
18 19 2 -1 18 19 3 1
18 19 3 -1 18 19 4 1
18 19 4 -1 18 19 5 1
18 19 5 -1 18 19 6 1
18 19 6 -1 18 19 7 1
18 19 7 -1 18 19 7 1
18 19 8 -1 18 19 7 1
18 19 9 -1 18 19 7 1
18 19 10 -1 18 19 14 1
18 19 11 -1 18 19 14 1
18 19 12 -1 18 19 14 1
18 19 13 -1 18 19 14 1
18 19 14 -1 18 19 14 1
18 19 15 -1 18 19 14 1
18 20 1 x
18 20 2 -1 18 20 3 1
18 20 3 -1 18 20 4 1
18 20 4 -1 18 20 4 1
18 20 5 -1 18 20 6 1
18 20 6 -1 18 20 7 1
18 20 7 -1 18 20 7 1
18 20 8 -1 18 20 9 1
18 20 9 -1 18 20 9 1
18 20 10 -1 18 20 9 1
18 21 1 x
18 21 2 -1 18 21 3 1
18 21 3 -1 18 21 4 1
18 21 4 -1 18 21 5 1
18 21 5 -1 18 21 5 1
18 21 6 -1 18 21 7 1
18 21 7 -1 18 21 7 1
18 21 8 -1 18 21 7 1
18 21 9 -1 18 21 10 1
18 21 10 -1 18 21 10 1
18 21 11 -1 18 21 12 1
18 21 12 -1 18 21 13 1
18 21 13 -1 18 21 13 1
18 21 14 -1 18 21 13 1
18 22 1 x
18 22 2 -1 18 22 4 1
18 22 3 -1 18 22 4 1
18 22 4 -1 18 22 4 1
18 22 5 -1 18 22 4 1
18 22 6 -1 18 22 7 1
18 22 7 -1 18 22 8 1
18 22 8 -1 18 22 9 1
18 22 9 -1 18 22 9 1
18 22 10 -1 18 22 9 1
18 22 11 -1 18 22 9 1
18 22 12 -1 18 22 9 1
18 22 13 -1 18 22 14 1
18 22 14 -1 18 22 15 1
18 22 15 -1 18 22 16 1
18 22 16 -1 18 22 17 1
18 22 17 -1 18 22 18 1
18 22 18 -1 18 22 18 1
18 22 19 -1 18 22 20 1
18 22 20 -1 18 22 20 1
18 22 21 -1 18 22 22 1
18 22 22 -1 18 22 23 1
18 22 23 -1 18 22 24 1
18 22 24 -1 18 22 25 1
18 22 25 -1 18 22 26 1
18 22 26 -1 18 22 26 1
18 22 27 -1 18 22 26 1
18 22 28 -1 18 22 29 1
18 22 29 -1 18 22 30 1
18 22 30 -1 18 22 31 1
18 22 31 -1 18 22 31 1
18 22 32 -1 18 22 31 1
18 30 1 x
18 30 2 -1 18 30 4 1
18 30 3 -1 18 30 4 1
18 30 4 -1 18 30 4 1
18 30 5 -1 18 30 4 1
18 30 6 -1 18 30 7 1
18 30 7 -1 18 30 7 1
18 30 8 -1 18 30 7 1
18 30 9 -1 18 30 10 1
18 30 10 -1 18 30 12 1
18 30 11 -1 18 30 12 1
18 30 12 -1 18 30 12 1
18 30 13 -1 18 30 12 1
18 31 1 x
18 31 2 -1 18 31 3 1
18 31 3 -1 18 31 5 1
18 31 4 -1 18 31 5 1
18 31 5 -1 18 31 6 1
18 31 6 -1 18 31 7 1
18 31 7 -1 18 31 8 1
18 31 8 -1 18 31 9 1
18 31 9 -1 18 31 10 1
18 31 10 -1 18 31 12 1
18 31 11 -1 18 31 12 1
18 31 12 -1 18 31 13 1
18 31 13 -1 18 31 14 1
18 31 14 -1 18 31 15 1
18 31 15 -1 18 31 16 1
18 31 16 -1 18 31 18 1
18 31 17 -1 18 31 18 1
18 31 18 -1 18 31 19 1
18 31 19 -1 18 31 21 1
18 31 20 -1 18 31 21 1
18 31 21 -1 18 31 21 1
18 31 22 -1 18 31 23 1
18 31 23 -1 18 31 24 1
18 31 24 -1 18 31 24 1
18 31 25 -1 18 31 24 1
18 34 1 x
18 34 2 -1 18 34 3 1
18 34 3 -1 18 34 3 1
18 34 4 -1 18 34 3 1
18 34 5 -1 18 34 3 1
18 34 6 -1 18 34 3 1
18 34 7 -1 18 34 8 1
18 34 8 -1 18 34 9 1
18 34 9 -1 18 34 10 1
18 34 10 -1 18 34 12 1
18 34 11 -1 18 34 12 1
18 34 12 -1 18 34 13 1
18 34 13 -1 18 34 15 1
18 34 14 -1 18 34 15 1
18 34 15 -1 18 34 16 1
18 34 16 -1 18 34 18 1
18 34 17 -1 18 34 18 1
18 34 18 -1 18 34 19 1
18 34 19 -1 18 34 19 1
18 34 20 -1 18 34 21 1
18 34 21 -1 18 34 22 1
18 34 22 -1 18 34 22 1
18 34 23 -1 18 34 22 1
18 36 1 x
18 36 2 -1 18 36 3 1
18 36 3 -1 18 36 3 1
18 36 4 -1 18 36 3 1
18 36 5 -1 18 36 6 1
18 36 6 -1 18 36 7 1
18 36 7 -1 18 36 7 1
18 36 8 -1 18 36 7 1
18 36 9 -1 18 36 7 1
18 36 10 -1 18 36 7 1
18 36 11 -1 18 36 7 1
18 36 12 -1 18 36 7 1
18 36 13 -1 18 36 7 1
18 38 1 x
18 38 2 -1 18 38 3 1
18 38 3 -1 18 38 4 1
18 38 4 -1 18 38 5 1
18 38 5 -1 18 38 5 1
18 38 6 -1 18 38 5 1
18 38 7 -1 18 38 5 1
18 38 8 -1 18 38 10 1
18 38 9 -1 18 38 10 1
18 38 10 -1 18 38 16 1
18 38 11 -1 18 38 16 1
18 38 12 -1 18 38 16 1
18 38 13 -1 18 38 16 1
18 38 14 -1 18 38 16 1
18 38 15 -1 18 38 16 1
18 38 16 -1 18 38 17 1
18 38 17 -1 18 38 17 1
18 38 18 -1 18 38 19 1
18 38 19 -1 18 38 20 1
18 38 20 -1 18 38 20 1
18 38 21 -1 18 38 20 1
18 38 22 -1 18 38 20 1
18 38 23 -1 18 38 20 1
18 39 1 x
18 39 2 -1 18 39 3 1
18 39 3 -1 18 39 4 1
18 39 4 -1 18 39 5 1
18 39 5 -1 18 39 6 1
18 39 6 -1 18 39 7 1
18 39 7 -1 18 39 8 1
18 39 8 -1 18 39 9 1
18 39 9 -1 18 39 9 1
18 39 10 -1 18 39 11 1
18 39 11 -1 18 39 12 1
18 39 12 -1 18 39 12 1
18 39 13 -1 18 39 12 1
18 39 14 -1 18 39 12 1
18 40 1 x
18 40 2 -1 18 40 3 1
18 40 3 -1 18 40 4 1
18 40 4 -1 18 40 6 1
18 40 5 -1 18 40 6 1
18 40 6 -1 18 40 6 1
18 40 7 -1 18 40 8 1
18 40 8 -1 18 40 9 1
18 40 9 -1 18 40 9 1
18 40 10 -1 18 40 11 1
18 40 11 -1 18 40 12 1
18 40 12 -1 18 40 13 1
18 40 13 -1 18 40 14 1
18 40 14 -1 18 40 15 1
18 40 15 -1 18 40 16 1
18 40 16 -1 18 40 17 1
18 40 17 -1 18 40 17 1
18 40 18 -1 18 40 17 1
18 41 1 x
18 41 2 -1 18 41 3 1
18 41 3 -1 18 41 3 1
18 41 4 -1 18 41 5 1
18 41 5 -1 18 41 6 1
18 41 6 -1 18 41 9 1
18 41 7 -1 18 41 9 1
18 41 8 -1 18 41 9 1
18 41 9 -1 18 41 10 1
18 41 10 -1 18 41 11 1
18 41 11 -1 18 41 11 1
18 41 12 -1 18 41 13 1
18 41 13 -1 18 41 13 1
18 41 15 -1 18 41 13 1
18 42 1 x
18 42 2 -1 18 42 3 1
18 42 3 -1 18 42 5 1
18 42 4 -1 18 42 5 1
18 42 5 -1 18 42 5 1
18 42 6 -1 18 42 7 1
18 42 7 -1 18 42 8 1
18 42 8 -1 18 42 9 1
18 42 9 -1 18 42 10 1
18 42 10 -1 18 42 11 1
18 42 11 -1 18 42 11 1
18 42 12 -1 18 42 11 1
18 44 1 x
18 44 2 -1 18 44 3 1
18 44 3 -1 18 44 3 1
18 44 4 -1 18 44 5 1
18 44 5 -1 18 44 6 1
18 44 6 -1 18 44 6 1
18 44 7 -1 18 44 8 1
18 44 8 -1 18 44 8 1
18 44 9 -1 18 44 10 1
18 44 10 -1 18 44 13 1
18 44 11 -1 18 44 13 1
18 44 12 -1 18 44 13 1
18 44 13 -1 18 44 13 1
18 44 14 -1 18 44 13 1
18 44 15 -1 18 44 16 1
18 44 16 -1 18 44 17 1
18 44 17 -1 18 44 17 1
18 44 18 -1 18 44 17 1
18 44 19 -1 18 44 17 1
18 44 20 -1 18 44 21 1
18 44 21 -1 18 44 22 1
18 44 22 -1 18 44 23 1
18 44 23 -1 18 44 23 1
18 44 24 -1 18 44 23 1
18 44 25 -1 18 44 26 1
18 44 26 -1 18 44 26 1
18 44 27 -1 18 44 26 1
18 45 1 x
18 45 2 -1 18 45 4 1
18 45 3 -1 18 45 4 1
18 45 4 -1 18 45 5 1
18 45 5 -1 18 45 5 1
18 45 6 -1 18 45 5 1
18 45 7 -1 18 45 8 1
18 45 8 -1 18 45 8 1
18 45 9 -1 18 45 8 1
18 45 10 -1 18 45 8 1
18 45 11 -1 18 45 12 1
18 45 12 -1 18 45 12 1
18 45 13 -1 18 45 12 1
18 45 14 -1 18 45 12 1
18 45 15 -1 18 45 12 1
18 45 16 -1 18 45 12 1
18 45 17 -1 18 45 12 1
18 45 18 -1 18 45 12 1
18 46 1 x
18 46 2 -1 18 46 4 1
18 46 3 -1 18 46 4 1
18 46 4 -1 18 46 4 1
18 46 5 -1 18 46 4 1
18 46 6 -1 18 46 7 1
18 46 7 -1 18 46 7 1
18 46 8 -1 18 46 7 1
18 46 9 -1 18 46 10 1
18 46 10 -1 18 46 10 1
18 46 11 -1 18 46 10 1
18 46 12 -1 18 46 10 1
18 47 1 x
18 47 2 -1 18 47 3 1
18 47 3 -1 18 47 4 1
18 47 4 -1 18 47 5 1
18 47 5 -1 18 47 6 1
18 47 6 -1 18 47 7 1
18 47 7 -1 18 47 8 1
18 47 8 -1 18 47 8 1
18 47 9 -1 18 47 8 1
18 47 10 -1 18 47 8 1
18 48 1 x
18 48 2 -1 18 48 3 1
18 48 3 -1 18 48 4 1
18 48 4 -1 18 48 4 1
18 48 5 -1 18 48 4 1
18 48 6 -1 18 48 4 1
18 48 7 -1 18 48 8 1
18 48 8 -1 18 48 8 1
18 48 9 -1 18 48 10 1
18 48 10 -1 18 48 11 1
18 48 11 -1 18 48 13 1
18 48 12 -1 18 48 13 1
18 48 13 -1 18 48 13 1
18 48 14 -1 18 48 13 1
18 48 15 -1 18 48 13 1
18 49 1 x
18 49 2 -1 18 49 3 1
18 49 3 -1 18 49 3 1
18 49 4 -1 18 49 5 1
18 49 5 -1 18 49 5 1
18 49 6 -1 18 49 5 1
18 49 7 -1 18 49 5 1
18 49 8 -1 18 49 9 1
18 49 9 -1 18 49 10 1
18 49 10 -1 18 49 12 1
18 49 11 -1 18 49 12 1
18 49 12 -1 18 49 12 1
18 49 13 -1 18 49 14 1
18 49 14 -1 18 49 15 1
18 49 15 -1 18 49 15 1
18 49 16 -1 18 49 17 1
18 49 17 -1 18 49 17 1
18 49 18 -1 18 49 17 1
18 49 19 -1 18 49 17 1
18 49 20 -1 18 49 20 1
18 49 21 -1 18 49 20 1
18 51 1 x
18 51 2 x
18 51 3 -2 18 51 6 2
18 51 4 -2 18 51 6 2
18 51 5 -2 18 51 6 2
18 51 6 -2 18 51 8 2
18 51 7 -2 18 51 9 2
18 51 8 -2 18 51 10 2
18 51 9 -2 18 51 11 2
18 51 10 -2 18 51 12 2
18 51 11 -2 18 51 13 2
18 51 12 -2 18 51 14 2
18 51 13 -2 18 51 14 2
18 51 14 -2 18 51 14 2
18 51 15 -2 18 51 17 2
18 51 16 -2 18 51 18 2
18 51 17 -2 18 51 18 2
18 51 18 -2 18 51 18 2
18 51 19 -2 18 51 18 2
18 51 20 -2 18 51 18 2
18 51 21 -2 18 51 18 2
18 52 1 x
18 52 2 x
18 52 3 -2 18 52 5 2
18 52 4 -2 18 52 6 2
18 52 5 -2 18 52 7 2
18 52 6 -2 18 52 8 2
18 52 7 -2 18 52 9 2
18 52 8 -2 18 52 9 2
18 52 9 -2 18 52 9 2
18 52 10 -2 18 52 9 2
18 52 11 -2 18 52 9 2
18 53 1 x
18 53 2 -1 18 53 3 1
18 53 3 -1 18 53 5 1
18 53 4 -1 18 53 5 1
18 53 5 -1 18 53 6 1
18 53 6 -1 18 53 6 1
18 53 7 -1 18 53 6 1
18 54 1 x
18 54 2 x
18 54 3 -2 18 54 7 2
18 54 4 -2 18 54 7 2
18 54 5 -2 18 54 7 2
18 54 6 -2 18 54 7 2
18 54 7 -2 18 54 7 2
18 54 8 -2 18 54 7 2
18 54 9 -2 18 54 7 2
18 55 1 x
18 55 2 -1 18 55 4 1
18 55 3 -1 18 55 4 1
18 55 4 -1 18 55 5 1
18 55 5 -1 18 55 6 1
18 55 6 -1 18 55 6 1
18 55 7 -1 18 55 6 1
18 55 8 -1 18 55 9 1
18 55 9 -1 18 55 10 1
18 55 10 -1 18 55 14 1
18 55 11 -1 18 55 14 1
18 55 12 -1 18 55 14 1
18 55 13 -1 18 55 14 1
18 55 14 -1 18 55 15 1
18 55 15 -1 18 55 16 1
18 55 16 -1 18 55 18 1
18 55 17 -1 18 55 18 1
18 55 18 -1 18 55 19 1
18 55 19 -1 18 55 20 1
18 55 20 -1 18 55 21 1
18 55 21 -1 18 55 22 1
18 55 22 -1 18 55 22 1
18 55 23 -1 18 55 22 1
18 55 24 -1 18 55 22 1
18 56 1 x
18 56 2 -1 18 56 3 1
18 56 3 -1 18 56 3 1
18 56 4 -1 18 56 5 1
18 56 5 -1 18 56 6 1
18 56 6 -1 18 56 6 1
18 56 7 -1 18 56 9 1
18 56 8 -1 18 56 9 1
18 56 9 -1 18 56 10 1
18 56 10 -1 18 56 11 1
18 56 11 -1 18 56 11 1
18 56 12 -1 18 56 13 1
18 56 13 -1 18 56 13 1
18 56 14 -1 18 56 13 1
18 57 1 x
18 57 2 -1 18 57 3 1
18 57 3 -1 18 57 4 1
18 57 4 -1 18 57 5 1
18 57 5 -1 18 57 6 1
18 57 6 -1 18 57 7 1
18 57 7 -1 18 57 7 1
18 57 8 -1 18 57 9 1
18 57 9 -1 18 57 10 1
18 57 10 -1 18 57 10 1
18 57 11 -1 18 57 10 1
18 57 12 -1 18 57 10 1
18 58 1 x
18 58 2 -1 18 58 3 1
18 58 3 -1 18 58 3 1
18 58 4 -1 18 58 3 1
18 58 5 -1 18 58 6 1
18 58 6 -1 18 58 6 1
18 58 7 -1 18 58 6 1
18 58 8 -1 18 58 9 1
18 58 8 -1 18 58 9 1
18 58 10 -1 18 58 11 1
18 58 11 -1 18 58 11 1
18 58 12 -1 18 58 11 1
18 59 1 x
18 59 2 -1 18 59 3 1
18 59 3 -1 18 59 4 1
18 59 4 -1 18 59 5 1
18 59 5 -1 18 59 6 1
18 59 6 -1 18 59 6 1
18 59 7 -1 18 59 6 1
18 59 8 -1 18 59 9 1
18 59 9 -1 18 59 9 1
18 59 10 -1 18 59 11 1
18 59 11 -1 18 59 11 1
18 59 12 -1 18 59 13 1
18 59 13 -1 18 59 14 1
18 59 14 -1 18 59 14 1
18 59 15 -1 18 59 16 1
18 59 16 -1 18 59 16 1
18 59 17 -1 18 59 16 1
18 59 18 -1 18 59 16 1
18 60 1 x
18 60 2 -1 18 60 5 2
18 60 3 -2 18 60 5 2
18 60 4 -2 18 60 6 2
18 60 5 -2 18 60 7 2
18 60 6 -2 18 60 8 2
18 60 7 -2 18 60 8 2
18 60 8 -2 18 60 10 2
18 60 9 -2 18 60 11 2
18 60 10 -2 18 60 11 2
18 60 11 -2 18 60 11 2
18 60 12 -2 18 60 11 2
18 60 13 -2 18 60 11 2
18 60 14 -2 18 60 11 2
18 61 1 x
18 61 2 -1 18 61 3 1
18 61 3 -1 18 61 4 1
18 61 4 -1 18 61 5 1
18 61 5 -1 18 61 6 1
18 61 6 -1 18 61 6 1
18 61 7 -1 18 61 8 1
18 61 8 -1 18 61 8 1
18 61 9 -1 18 61 8 1
18 62 1 x
18 62 2 -1 18 62 3 1
18 62 3 -1 18 62 4 1
18 62 4 -1 18 62 4 1
18 62 5 -1 18 62 6 1
18 62 6 -1 18 62 6 1
18 62 7 -1 18 62 8 1
18 62 8 -1 18 62 9 1
18 62 9 -1 18 62 9 1
18 62 10 -1 18 62 12 1
18 62 11 -1 18 62 12 1
18 62 12 -1 18 62 12 1
18 62 13 -1 18 62 12 1
18 63 1 x
18 63 2 -1 18 63 4 1
18 63 3 -1 18 63 4 1
18 63 4 -1 18 63 5 1
18 63 5 -1 18 63 5 1
18 63 6 -1 18 63 5 1
18 63 7 -1 18 63 5 1
18 63 8 -1 18 63 9 1
18 63 9 -1 18 63 9 1
18 63 10 -1 18 63 11 1
18 63 11 -1 18 63 11 1
18 63 12 -1 18 63 11 1
18 64 1 x
18 64 2 -1 18 64 3 1
18 64 3 -1 18 64 5 1
18 64 4 -1 18 64 5 1
18 64 5 -1 18 64 5 1
18 64 6 -1 18 64 7 1
18 64 7 -1 18 64 7 1
18 64 8 -1 18 64 7 1
18 64 9 -1 18 64 7 1
18 64 10 -1 18 64 7 1
18 64 11 -1 18 64 7 1
18 65 1 x
18 65 2 -1 18 65 4 1
18 65 3 -1 18 65 4 1
18 65 4 -1 18 65 5 1
18 65 5 -1 18 65 6 1
18 65 6 -1 18 65 7 1
18 65 7 -1 18 65 7 1
18 65 8 -1 18 65 9 1
18 65 9 -1 18 65 10 1
18 65 10 -1 18 65 10 1
18 65 11 -1 18 65 12 1
18 65 12 -1 18 65 12 1
18 65 13 -1 18 65 12 1
18 65 14 -1 18 65 12 1
18 67 1 x
18 67 2 -1 18 67 3 1
18 67 3 -1 18 67 4 1
18 67 4 -1 18 67 4 1
18 67 5 -1 18 67 6 1
18 67 6 -1 18 67 6 1
18 67 7 -1 18 67 7 1
18 67 8 -1 18 67 7 1
18 68 1 x
18 68 2 -1 18 68 3 1
18 68 3 -1 18 68 4 1
18 68 4 -1 18 68 5 1
18 68 5 -1 18 68 6 1
18 68 6 -1 18 68 7 1
18 68 7 -1 18 68 7 1
18 68 8 -1 18 68 9 1
18 68 9 -1 18 68 9 1
18 68 10 -1 18 68 11 1
18 68 11 -1 18 68 11 1
18 68 12 -1 18 68 11 1
18 68 13 -1 18 68 14 1
18 68 14 -1 18 68 15 1
18 68 15 -1 18 68 16 1
18 68 16 -1 18 68 17 1
18 68 17 -1 18 68 18 1
18 68 18 -1 18 68 19 1
18 68 19 -1 18 68 20 1
18 68 20 -1 18 68 23 1
18 68 21 -1 18 68 23 1
18 68 22 -1 18 68 23 1
18 68 23 -1 18 68 24 1
18 68 24 -1 18 68 25 1
18 68 25 -1 18 68 26 1
18 68 26 -1 18 68 26 1
18 68 27 -1 18 68 28 1
18 68 28 -1 18 68 28 1
18 68 29 -1 18 68 30 1
18 68 30 -1 18 68 31 1
18 68 31 -1 18 68 32 1
18 68 32 -1 18 68 32 1
18 68 33 -1 18 68 32 1
18 68 34 -1 18 68 32 1
18 68 35 -1 18 68 32 1
18 68 36 -1 18 68 32 1
18 69 1 x
18 69 2 -1 18 69 3 1
18 69 3 -1 18 69 3 1
18 69 4 -1 18 69 5 1
18 69 5 -1 18 69 6 1
18 69 6 -1 18 69 7 1
18 69 7 -1 18 69 8 1
18 69 8 -1 18 69 8 1
18 69 9 -1 18 69 8 1
18 69 10 -1 18 69 14 1
18 69 11 -1 18 69 14 1
18 69 12 -1 18 69 14 1
18 69 13 -1 18 69 14 1
18 69 14 -1 18 69 14 1
18 69 15 -1 18 69 14 1
18 69 16 -1 18 69 17 1
18 69 17 -1 18 69 18 1
18 69 18 -1 18 69 19 1
18 69 19 -1 18 69 20 1
18 69 20 -1 18 69 21 1
18 69 21 -1 18 69 22 1
18 69 22 -1 18 69 22 1
18 69 23 -1 18 69 22 1
18 69 24 -1 18 69 22 1
18 69 25 -1 18 69 22 1
18 69 26 -1 18 69 22 1
18 69 27 -1 18 69 22 1
18 69 28 -1 18 69 22 1
18 69 29 -1 18 69 30 1
18 69 30 -1 18 69 31 1
18 69 31 -1 18 69 31 1
18 69 32 -1 18 69 33 1
18 69 33 -1 18 69 34 1
18 69 34 -1 18 69 35 1
18 69 35 -1 18 69 36 1
18 69 36 -1 18 69 36 1
18 69 37 -1 18 69 36 1
18 70 1 x
18 70 2 -1 18 70 3 1
18 70 3 -1 18 70 4 1
18 70 4 -1 18 70 5 1
18 70 5 -1 18 70 5 1
18 70 6 -1 18 70 5 1
18 75 1 x
18 75 2 -1 18 75 3 1
18 75 3 -1 18 75 3 1
18 75 4 -1 18 75 3 1
18 75 5 -1 18 75 3 1
18 75 6 -1 18 75 3 1
18 75 7 -1 18 75 8 1
18 75 8 -1 18 75 9 1
18 75 9 -1 18 75 9 1
18 75 10 -1 18 75 9 1
18 75 11 -1 18 75 9 1
18 76 1 x
18 76 2 -1 18 76 3 1
18 76 3 -1 18 76 4 1
18 76 4 -1 18 76 5 1
18 76 5 -1 18 76 6 1
18 76 6 -1 18 76 7 1
18 76 7 -1 18 76 8 1
18 76 8 -1 18 76 8 1
18 76 9 -1 18 76 10 1
18 76 10 -1 18 76 11 1
18 76 11 -1 18 76 11 1
18 76 12 -1 18 76 11 1
18 76 13 -1 18 76 11 1
18 77 1 x
18 77 2 -1 18 77 5 1
18 77 3 -1 18 77 5 1
18 77 4 -1 18 77 5 1
18 77 5 -1 18 77 5 1
18 77 6 -1 18 77 5 1
18 77 7 -1 18 77 5 1
18 77 8 -1 18 77 9 1
18 77 9 -1 18 77 9 1
18 77 10 -1 18 77 11 1
18 77 11 -1 18 77 12 1
18 77 12 -1 18 77 12 1
18 77 13 -1 18 77 16 1
18 77 14 -1 18 77 16 1
18 77 15 -1 18 77 16 1
18 77 16 -1 18 77 17 1
18 77 17 -1 18 77 17 1
18 77 18 -1 18 77 19 1
18 77 19 -1 18 77 19 1
18 77 20 -1 18 77 19 1
18 77 21 -1 18 77 19 1
18 80 1 x
18 80 2 -1 18 80 3 1
18 80 3 -1 18 80 4 1
18 80 4 -1 18 80 4 1
18 80 5 -1 18 80 6 1
18 80 6 -1 18 80 6 1
18 80 7 -1 18 80 8 1
18 80 8 -1 18 80 9 1
18 80 9 -1 18 80 9 1
18 80 10 -1 18 80 11 1
18 80 11 -1 18 80 12 1
18 80 12 -1 18 80 13 1
18 80 13 -1 18 80 14 1
18 80 14 -1 18 80 15 1
18 80 15 -1 18 80 15 1
18 80 16 -1 18 80 18 1
18 80 17 -1 18 80 18 1
18 80 18 -1 18 80 19 1
18 80 19 -1 18 80 19 1
18 80 20 -1 18 80 19 1
18 81 1 x
18 81 2 -1 18 81 4 1
18 81 3 -1 18 81 4 1
18 81 4 -1 18 81 5 1
18 81 5 -1 18 81 6 1
18 81 6 -1 18 81 7 1
18 81 7 -1 18 81 8 1
18 81 8 -1 18 81 9 1
18 81 9 -1 18 81 10 1
18 81 10 -1 18 81 12 1
18 81 11 -1 18 81 12 1
18 81 12 -1 18 81 13 1
18 81 13 -1 18 81 14 1
18 81 14 -1 18 81 15 1
18 81 15 -1 18 81 15 1
18 81 16 -1 18 81 15 1
18 81 17 -1 18 81 15 1
18 83 1 x
18 83 2 -1 18 83 3 1
18 83 3 -1 18 83 4 1
18 83 4 -1 18 83 5 1
18 83 5 -1 18 83 6 1
18 83 6 -1 18 83 6 1
18 83 7 -1 18 83 8 1
18 83 8 -1 18 83 9 1
18 83 9 -1 18 83 10 1
18 83 10 -1 18 83 11 1
18 83 11 -1 18 83 12 1
18 83 12 -1 18 83 13 1
18 83 13 -1 18 83 14 1
18 83 14 -1 18 83 14 1
18 83 15 -1 18 83 16 1
18 83 16 -1 18 83 16 1
18 83 17 -1 18 83 18 1
18 83 18 -1 18 83 18 1
18 83 19 -1 18 83 18 1
18 84 1 x
18 84 2 -1 18 84 3 1
18 84 3 -1 18 84 4 1
18 84 4 -1 18 84 4 1
18 84 5 -1 18 84 7 1
18 84 6 -1 18 84 7 1
18 84 7 -1 18 84 8 1
18 84 8 -1 18 84 9 1
18 84 9 -1 18 84 10 1
18 84 10 -1 18 84 11 1
18 84 11 -1 18 84 12 1
18 84 12 -1 18 84 12 1
18 84 13 -1 18 84 12 1
18 85 1 x
18 85 2 -1 18 85 6 1
18 85 3 -1 18 85 6 1
18 85 4 -1 18 85 6 1
18 85 5 -1 18 85 6 1
18 85 6 -1 18 85 6 1
18 85 7 -1 18 85 8 1
18 85 8 -1 18 85 9 1
18 85 9 -1 18 85 10 1
18 85 10 -1 18 85 11 1
18 85 11 -1 18 85 11 1
18 85 12 -1 18 85 11 1
18 85 13 -1 18 85 11 1
18 85 14 -1 18 85 11 1
18 88 1 x
18 88 2 -1 18 88 3 1
18 88 3 -1 18 88 3 1
18 88 4 -1 18 88 5 1
18 88 5 -1 18 88 6 1
18 88 6 -1 18 88 7 1
18 88 7 -1 18 88 8 1
18 88 8 -1 18 88 8 1
18 88 9 -1 18 88 10 1
18 88 10 -1 18 88 11 1
18 88 11 -1 18 88 12 1
18 88 12 -1 18 88 12 1
18 88 13 -1 18 88 14 1
18 88 14 -1 18 88 14 1
18 88 15 -1 18 88 16 1
18 88 16 -1 18 88 16 1
18 88 17 -1 18 88 16 1
18 88 18 -1 18 88 16 1
18 88 19 -1 18 88 16 1
18 89 1 x
18 89 2 -1 18 89 3 1
18 89 3 -1 18 89 3 1
18 89 4 -1 18 89 5 1
18 89 5 -1 18 89 5 1
18 89 6 -1 18 89 5 1
18 89 7 -1 18 89 5 1
18 89 8 -1 18 89 5 1
18 89 9 -1 18 89 10 1
18 89 10 -1 18 89 11 1
18 89 11 -1 18 89 11 1
18 89 12 -1 18 89 13 1
18 89 13 -1 18 89 14 1
18 89 14 -1 18 89 15 1
18 89 15 -1 18 89 16 1
18 89 16 -1 18 89 17 1
18 89 17 -1 18 89 18 1
18 89 18 -1 18 89 19 1
18 89 19 -1 18 89 20 1
18 89 20 -1 18 89 21 1
18 89 21 -1 18 89 22 1
18 89 22 -1 18 89 22 1
18 89 23 -1 18 89 22 1
18 89 24 -1 18 89 22 1
18 89 25 -1 18 89 26 1
18 89 26 -1 18 89 27 1
18 89 27 -1 18 89 28 1
18 89 28 -1 18 89 28 1
18 89 29 -1 18 89 30 1
18 89 30 -1 18 89 36 1
18 89 31 -1 18 89 36 1
18 89 32 -1 18 89 36 1
18 89 33 -1 18 89 36 1
18 89 34 -1 18 89 36 1
18 89 35 -1 18 89 36 1
18 89 36 -1 18 89 37 1
18 89 37 -1 18 89 38 1
18 89 38 -1 18 89 39 1
18 89 39 -1 18 89 39 1
18 89 40 -1 18 89 39 1
18 89 41 -1 18 89 42 1
18 89 42 -1 18 89 43 1
18 89 43 -1 18 89 43 1
18 89 44 -1 18 89 43 1
18 89 45 -1 18 89 43 1
18 89 46 -1 18 89 47 1
18 89 47 -1 18 89 48 1
18 89 48 -1 18 89 49 1
18 89 49 -1 18 89 50 1
18 89 50 -1 18 89 51 1
18 89 51 -1 18 89 51 1
18 89 52 -1 18 89 51 1
18 89 53 -1 18 89 51 1
18 92 1 x
18 92 2 -1 18 92 3 1
18 92 3 -1 18 92 3 1
18 92 4 -1 18 92 5 1
18 92 5 -1 18 92 5 1
18 92 6 -1 18 92 7 1
18 92 7 -1 18 92 8 1
18 92 8 -1 18 92 9 1
18 92 9 -1 18 92 9 1
18 92 10 -1 18 92 11 1
18 92 11 -1 18 92 12 1
18 92 12 -1 18 92 12 1
18 92 13 -1 18 92 14 1
18 92 14 -1 18 92 15 1
18 92 15 -1 18 92 15 1
18 92 16 -1 18 92 15 1
18 102 1 x
18 102 2 -1 18 102 3 1
18 102 3 -1 18 102 3 1
18 102 4 -1 18 102 6 1
18 102 5 -1 18 102 6 1
18 102 6 -1 18 102 7 1
18 102 7 -1 18 102 7 1
18 102 8 -1 18 102 9 1
18 102 9 -1 18 102 9 1
18 102 10 -1 18 102 12 1
18 102 11 -1 18 102 12 1
18 102 12 -1 18 102 13 1
18 102 13 -1 18 102 14 1
18 102 14 -1 18 102 15 1
18 102 15 -1 18 102 18 1
18 102 16 -1 18 102 18 1
18 102 17 -1 18 102 18 1
18 102 18 -1 18 102 19 1
18 102 19 -1 18 102 20 1
18 102 20 -1 18 102 21 1
18 102 21 -1 18 102 22 1
18 102 22 -1 18 102 23 1
18 102 23 -1 18 102 24 1
18 102 24 -1 18 102 25 1
18 102 25 -1 18 102 26 1
18 102 26 -1 18 102 27 1
18 102 27 -1 18 102 28 1
18 102 28 -1 18 102 28 1
18 102 29 -1 18 102 28 1
18 108 1 x
18 108 2 -1 18 108 4 1
18 108 3 -1 18 108 4 1
18 108 4 -1 18 108 4 1
18 108 5 -1 18 108 6 1
18 108 6 -1 18 108 7 1
18 108 7 -1 18 108 7 1
18 108 8 -1 18 108 9 1
18 108 9 -1 18 108 10 1
18 108 10 -1 18 108 10 1
18 108 11 -1 18 108 12 1
18 108 12 -1 18 108 13 1
18 108 13 -1 18 108 13 1
18 108 14 -1 18 108 13 1
18 140 1 x
18 140 2 -1 18 140 3 1
18 140 3 -1 18 140 6 1
18 140 4 -1 18 140 6 1
18 140 5 -1 18 140 6 1
18 140 6 -1 18 140 6 1
18 140 7 -1 18 140 6 1
18 140 8 -1 18 140 9 1
18 140 9 -1 18 140 10 1
18 140 10 -1 18 140 11 1
18 140 11 -1 18 140 11 1
18 140 12 -1 18 140 11 1
18 140 13 -1 18 140 11 1
18 140 14 -1 18 140 11 1
18 142 1 x
18 142 2 -1 18 142 3 1
18 142 3 -1 18 142 3 1
18 142 4 -1 18 142 3 1
18 142 5 -1 18 142 6 1
18 142 6 -1 18 142 7 1
18 142 7 -1 18 142 7 1
18 142 8 -1 18 142 7 1
19 11 32 1 19 12 1 -1
19 12 1 1 19 12 1 -1
19 12 2 1 19 12 1 -1
19 12 3 1 19 12 2 -1
19 12 4 1 19 12 3 -1
19 12 5 1 19 12 4 -1
19 12 6 1 19 12 4 -1
19 12 7 1 19 12 4 -1
19 12 8 1 19 12 8 -1
19 12 9 1 19 12 8 -1
19 12 10 1 19 12 9 -1
19 12 11 1 19 12 10 -1
19 12 12 -2 19 12 14 2
19 12 13 -2 19 12 14 2
19 12 14 -2 19 12 14 2
19 12 15 -2 19 12 14 2
19 12 16 1 19 12 15 -1
19 12 17 1 19 12 15 -1
19 12 18 1 19 12 15 -1
19 12 19 1 19 12 15 -1
19 12 20 1 19 12 19 -1
19 12 21 1 19 12 19 -1
19 12 22 1 19 12 21 -1
19 12 23 1 19 12 21 -1
19 12 24 1 19 12 21 -1
19 12 25 1 19 12 21 -1
19 12 26 1 19 12 21 -1
19 12 27 1 19 12 21 -1
20 2 1 -1 20 2 3 1
20 2 2 -1 20 2 3 1
20 2 3 -1 20 2 3 1
20 2 4 -1 20 2 5 1
20 2 5 -1 20 2 5 1
20 2 6 -1 20 2 5 1
20 2 7 -1 20 2 5 1
20 2 8 -1 20 2 9 1
20 2 9 -1 20 2 10 1
20 2 10 -1 20 2 11 1
20 2 11 -1 20 2 12 1
20 2 12 -1 20 2 13 1
20 2 13 -1 20 2 14 1
20 2 14 -1 20 2 15 1
20 2 15 -1 20 2 16 1
20 2 16 -1 20 2 17 1
20 2 17 -1 20 2 18 1
20 2 18 -1 20 2 18 1
20 2 19 -1 20 2 20 1
20 2 20 -1 20 2 21 1
20 2 21 -1 20 2 22 1
20 2 22 -1 20 2 23 1
20 2 23 -1 20 2 23 1
20 2 24 -1 20 2 25 1
20 2 25 -1 20 2 26 1
20 2 26 -1 20 2 26 1
20 2 27 -1 20 2 26 1
20 9 1 -2 20 9 4 2
20 9 2 -2 20 9 4 2
20 9 3 -2 20 9 4 2
20 9 4 -2 20 9 6 2
20 9 5 -2 20 9 7 2
20 9 6 -2 20 9 8 2
20 9 7 -2 20 9 8 2
20 9 8 -2 20 9 8 2
20 9 9 -2 20 9 11 2
20 9 10 -2 20 9 12 2
20 9 11 -2 20 9 12 2
20 9 12 -2 20 9 12 2
20 9 13 -2 20 9 15 2
20 9 14 -2 20 9 16 2
20 9 15 -2 20 9 17 2
20 9 16 -2 20 9 18 2
20 9 17 -2 20 9 18 2
20 9 18 -2 20 9 18 2
20 9 19 -2 20 9 18 2
20 9 20 -2 20 9 18 2
20 9 21 1 20 9 18 2
20 9 22 2 20 9 18 2
20 9 23 3 20 9 18 2
20 10 1 3 20 10 2 -3
20 10 2 3 20 10 2 -3
20 10 3 3 20 10 2 -3
20 10 4 3 20 10 2 -3
20 10 5 3 20 10 2 -3
20 10 6 3 20 10 3 -3
20 10 7 3 20 10 4 -3
20 10 8 3 20 10 4 -3
20 10 9 3 20 10 6 -3
20 10 10 3 20 10 7 -3
20 10 11 3 20 10 8 -3
20 10 12 3 20 10 11 -3
20 10 13 3 20 10 11 -3
20 10 14 3 20 10 11 -3
20 10 15 3 20 10 11 -3
20 10 16 3 20 10 11 -3
20 10 17 3 20 10 14 -3
20 10 18 3 20 10 14 -3
20 10 19 3 20 10 14 -3
20 10 20 3 20 10 14 -3
20 12 1 -2 20 12 6 2
20 12 2 -2 20 12 6 2
20 12 3 -2 20 12 6 2
20 12 4 -2 20 12 6 2
20 12 5 -2 20 12 7 2
20 12 6 -2 20 12 7 2
20 12 7 -2 20 12 9 2
20 12 8 -2 20 12 9 2
20 12 9 -2 20 12 9 2
20 12 10 -2 20 12 13 2
20 12 11 -2 20 12 13 2
20 12 12 -2 20 12 14 2
20 12 13 -2 20 12 14 2
20 12 14 -2 20 12 14 2
20 12 15 -2 20 12 14 2
20 12 16 -2 20 12 14 2
21 5 17 1 21 6 1 -3
21 5 18 2 21 6 1 -3
21 5 19 3 21 6 1 -3
21 6 1 3 21 6 1 -3
21 6 2 3 21 6 1 -3
21 6 3 3 21 6 1 -3
21 6 4 3 21 6 1 -3
21 6 5 3 21 6 2 -3
21 6 6 3 21 6 3 -3
21 6 7 3 21 6 4 -3
21 6 8 3 21 6 5 -3
21 6 9 3 21 6 6 -3
21 6 10 3 21 6 7 -3
22 3 1 -1 22 3 2 1
22 3 2 -1 22 3 3 1
22 3 3 -1 22 3 4 1
22 3 4 -1 22 3 5 1
22 3 5 -1 22 3 5 1
22 3 6 -1 22 3 7 1
22 3 7 -1 22 3 7 1
22 3 8 -1 22 3 9 1
22 3 9 -1 22 3 10 1
22 3 10 -1 22 3 13 1
22 3 11 -1 22 3 13 1
22 3 12 -1 22 3 13 1
22 3 13 -1 22 3 14 1
22 3 14 -1 22 3 14 1
22 3 15 -1 22 3 16 1
22 3 16 -1 22 3 17 1
22 3 17 -1 22 3 18 1
22 3 18 -1 22 3 19 1
22 3 19 -1 22 3 20 1
22 3 20 -1 22 3 21 1
22 3 21 -1 22 3 21 1
22 3 22 -1 22 3 23 1
22 3 23 -1 22 3 23 1
22 3 24 -1 22 3 25 1
22 3 25 -1 22 3 26 1
22 3 26 -1 22 3 26 1
22 3 27 -1 22 3 26 1
22 3 28 1 22 3 26 1
22 4 1 1 22 4 1 -1
22 4 2 1 22 4 1 -1
22 4 3 1 22 4 2 -1
22 4 4 1 22 4 2 -1
22 4 5 1 22 4 4 -1
22 64 1 : 22 64 1 22 64 2
22 64 2 1 22 64 4 -1
22 64 3 1 22 64 4 -1
22 64 4 1 22 64 4 -1
22 64 5 1 22 64 4 -1
22 64 6 1 22 64 4 -1
22 64 7 1 22 64 4 -1
22 64 8 1 22 64 4 -1
22 64 9 1 22 64 8 -1
22 64 10 1 22 64 9 -1
22 64 11 1 22 64 10 -1
26 3 31 1 26 4 1 -3
26 3 32 2 26 4 1 -3
26 3 33 3 26 4 1 -3
26 4 1 3 26 4 1 -3
26 4 2 3 26 4 1 -3
26 4 3 3 26 4 1 -3
26 4 4 3 26 4 1 -3
26 4 5 3 26 4 2 -3
26 4 6 3 26 4 3 -3
26 4 7 3 26 4 4 -3
26 4 8 3 26 4 5 -3
26 4 9 3 26 4 6 -3
26 4 10 3 26 4 7 -3
26 4 11 3 26 4 8 -3
26 4 12 3 26 4 9 -3
26 4 13 3 26 4 9 -3
26 4 14 3 26 4 9 -3
26 4 15 3 26 4 9 -3
26 4 16 3 26 4 13 -3
26 4 17 3 26 4 14 -3
26 4 18 3 26 4 15 -3
26 4 19 3 26 4 16 -3
26 4 20 3 26 4 17 -3
26 4 21 3 26 4 18 -3
26 4 22 3 26 4 19 -3
26 4 23 3 26 4 20 -3
26 4 24 3 26 4 21 -3
26 4 25 3 26 4 22 -3
26 4 26 3 26 4 23 -3
26 4 27 3 26 4 24 -3
26 4 28 3 26 4 25 -3
26 4 29 3 26 4 26 -3
26 4 30 3 26 4 27 -3
26 4 31 3 26 4 28 -3
26 4 32 3 26 4 29 -3
26 4 33 3 26 4 30 -3
26 4 34 3 26 4 31 -3
27 1 12 1 27 2 1 -1
27 2 1 1 27 2 1 -1
27 2 2 1 27 2 1 -1
27 2 3 1 27 2 2 -1
27 2 4 1 27 2 3 -1
27 2 5 1 27 2 4 -1
27 2 6 1 27 2 5 -1
27 2 7 1 27 2 6 -1
27 2 8 1 27 2 6 -1
27 2 9 1 27 2 8 -1
27 2 10 1 27 2 12 -1
27 2 11 1 27 2 12 -1
27 2 12 1 27 2 12 -1
27 2 13 1 27 2 12 -1
27 2 14 1 27 2 13 -1
27 2 15 1 27 2 14 -1
27 2 16 1 27 2 15 -1
27 2 17 1 27 2 16 -1
27 2 18 1 27 2 17 -1
27 2 19 1 27 2 18 -1
27 2 20 1 27 2 19 -1
27 2 21 1 27 2 19 -1
27 2 22 1 27 2 19 -1
31 2 1 -1 31 2 2 1
31 2 2 -1 31 2 3 1
31 2 3 -1 31 2 4 1
31 2 4 -1 31 2 5 1
31 2 5 -1 31 2 6 1
31 2 6 -1 31 2 8 1
31 2 7 -1 31 2 8 1
31 2 8 -1 31 2 9 1
31 2 9 -1 31 2 10 1
31 2 10 -1 31 2 10 1
31 2 11 -1 31 2 10 1
42 1 39 -1 42 1 40 1
42 1 40 -1 42 1 41 1
42 1 41 -1 42 1 42 1
42 1 42 -1 42 1 42 1
42 1 43 -1 42 1 44 1
42 1 44 -1 42 1 45 1
42 1 45 -1 42 1 46 1
42 1 46 -1 42 1 47 1
42 1 47 -1 42 1 47 1
42 1 48 -1 42 1 47 1
42 1 49 -1 42 1 50 1
42 1 50 -1 42 1 50 1
42 1 51 -1 42 1 50 1
42 1 52 -1 42 1 50 1
49 3 14 : 49 3 13 49 3 14