0 32 1 -1
0 32 2 -1
0 32 3 -1
0 32 4 -1
0 32 5 -1
0 32 6 -1
0 32 7 -1
0 32 8 -1
0 32 9 -1
0 32 10 -1
0 32 11 -1
0 32 12 -1
0 32 13 -1
0 32 14 -1
0 32 15 -1
0 32 16 -1
0 32 17 -1
0 32 18 -1
0 32 19 -1
0 32 20 -1
0 32 21 -1
0 32 22 -1
0 32 23 -1
0 32 24 -1
0 32 25 -1
0 32 26 -1
0 32 27 -1
0 32 28 -1
0 32 29 -1
0 32 30 -1
0 32 31 -1
0 32 32 -1
0 32 33 -1
1 7 26 1
1 7 27 2
1 7 28 3
1 7 29 4
1 8 1 4
1 8 2 4
1 8 3 4
1 8 4 4
1 8 5 4
1 8 6 4
1 8 7 4
1 8 8 4
1 8 9 4
1 8 10 4
1 8 11 4
1 8 12 4
1 8 13 4
1 8 14 4
1 8 15 4
1 8 16 4
1 8 17 4
1 8 18 4
1 8 19 4
1 8 20 4
1 8 21 4
1 8 22 4
1 8 23 4
1 8 24 4
1 8 25 4
1 8 26 4
1 8 27 4
1 8 28 4
1 21 37 1
1 22 1 1
1 22 2 1
1 22 3 1
1 22 4 1
1 22 5 1
1 22 6 1
1 22 7 1
1 22 8 1
1 22 9 1
1 22 10 1
1 22 11 1
1 22 12 1
1 22 13 1
1 22 14 1
1 22 15 1
1 22 16 1
1 22 17 1
1 22 18 1
1 22 19 1
1 22 20 1
1 22 21 1
1 22 22 1
1 22 23 1
1 22 24 1
1 22 25 1
1 22 26 1
1 22 27 1
1 22 28 1
1 22 29 1
1 22 30 1
2 5 20 1
2 5 21 2
2 5 22 3
2 5 23 4
2 5 24 5
2 5 25 6
2 5 26 7
2 6 1 7
2 6 2 7
2 6 3 7
2 6 4 7
2 6 5 7
2 6 6 7
2 6 7 7
2 6 8 7
2 6 9 7
2 6 10 7
2 6 11 7
2 6 12 7
2 6 13 7
2 6 14 7
2 6 15 7
2 6 16 7
2 6 17 7
2 6 18 7
2 6 19 7
2 6 20 7
2 6 21 7
2 6 22 7
2 6 23 7
3 17 1 -15
3 17 2 -15
3 17 3 -15
3 17 4 -15
3 17 5 -15
3 17 6 -15
3 17 7 -15
3 17 8 -15
3 17 9 -15
3 17 10 -15
3 17 11 -15
3 17 12 -15
3 17 13 -15
3 17 14 -15
3 17 15 -15
3 17 16 -15
3 17 17 -15
3 17 18 -15
3 17 19 -15
3 17 20 -15
3 17 21 -15
3 17 22 -15
3 17 23 -15
3 17 24 -15
3 17 25 -15
3 17 26 -15
3 17 27 -15
3 17 28 -15
3 25 19 1
3 30 1 -1
3 30 2 -1
3 30 3 -1
3 30 4 -1
3 30 5 -1
3 30 6 -1
3 30 7 -1
3 30 8 -1
3 30 9 -1
3 30 10 -1
3 30 11 -1
3 30 12 -1
3 30 13 -1
3 30 14 -1
3 30 15 -1
3 30 16 -1
3 30 17 -1
4 13 1 -1
4 13 2 -1
4 13 3 -1
4 13 4 -1
4 13 5 -1
4 13 6 -1
4 13 7 -1
4 13 8 -1
4 13 9 -1
4 13 10 -1
4 13 11 -1
4 13 12 -1
4 13 13 -1
4 13 14 -1
4 13 15 -1
4 13 16 -1
4 13 17 -1
4 13 18 -1
4 13 19 -1
4 23 1 -1
4 23 2 -1
4 23 3 -1
4 23 4 -1
4 23 5 -1
4 23 6 -1
4 23 7 -1
4 23 8 -1
4 23 9 -1
4 23 10 -1
4 23 11 -1
4 23 12 -1
4 23 13 -1
4 23 14 -1
4 23 15 -1
4 23 16 -1
4 23 17 -1
4 23 18 -1
4 23 19 -1
4 23 20 -1
4 23 21 -1
4 23 22 -1
4 23 23 -1
4 23 24 -1
4 23 25 -1
4 23 26 -1
4 28 69 1
4 29 1 1
4 29 2 1
4 29 3 1
4 29 4 1
4 29 5 1
4 29 6 1
4 29 7 1
4 29 8 1
4 29 9 1
4 29 10 1
4 29 11 1
4 29 12 1
4 29 13 1
4 29 14 1
4 29 15 1
4 29 16 1
4 29 17 1
4 29 18 1
4 29 19 1
4 29 20 1
4 29 21 1
4 29 22 1
4 29 23 1
4 29 24 1
4 29 25 1
4 29 26 1
4 29 27 1
4 29 28 1
8 21 2 -1
8 21 3 -1
8 21 4 -1
8 21 5 -1
8 21 6 -1
8 21 7 -1
8 21 8 -1
8 21 9 -1
8 21 10 -1
8 21 11 -1
8 21 12 -1
8 21 13 -1
8 21 14 -1
8 21 15 -1
8 21 16 -1
9 19 1 -1
9 19 2 -1
9 19 3 -1
9 19 4 -1
9 19 5 -1
9 19 6 -1
9 19 7 -1
9 19 8 -1
9 19 9 -1
9 19 10 -1
9 19 11 -1
9 19 12 -1
9 19 13 -1
9 19 14 -1
9 19 15 -1
9 19 16 -1
9 19 17 -1
9 19 18 -1
9 19 19 -1
9 19 20 -1
9 19 21 -1
9 19 22 -1
9 19 23 -1
9 19 24 -1
9 19 25 -1
9 19 26 -1
9 19 27 -1
9 19 28 -1
9 19 29 -1
9 19 30 -1
9 19 31 -1
9 19 32 -1
9 19 33 -1
9 19 34 -1
9 19 35 -1
9 19 36 -1
9 19 37 -1
9 19 38 -1
9 19 39 -1
9 19 40 -1
9 19 41 -1
9 19 42 -1
9 19 43 -1
9 19 44 -1
10 5 1 -14
10 5 2 -14
10 5 3 -14
10 5 4 -14
10 5 5 -14
10 5 6 -14
10 5 7 -14
10 5 8 -14
10 5 9 -14
10 5 10 -14
10 5 11 -14
10 5 12 -14
10 5 13 -14
10 5 14 -14
10 5 15 -14
10 5 16 -14
10 5 17 -14
10 5 18 -14
10 5 19 -14
10 5 20 -14
10 5 21 -14
10 5 22 -14
10 5 23 -14
10 5 24 -14
10 5 25 -14
10 5 26 -14
10 5 27 -14
10 5 28 -14
10 5 29 -14
10 5 30 -14
10 5 31 -14
10 5 32 -14
11 12 1 -1
11 12 2 -1
11 12 3 -1
11 12 4 -1
11 12 5 -1
11 12 6 -1
11 12 7 -1
11 12 8 -1
11 12 9 -1
11 12 10 -1
11 12 11 -1
11 12 12 -1
11 12 13 -1
11 12 14 -1
11 12 15 -1
11 12 16 -1
11 12 17 -1
11 12 18 -1
11 12 19 -1
11 12 20 -1
11 12 21 -1
11 12 22 -1
12 5 27 1
12 5 28 2
12 5 29 3
12 5 30 4
12 5 31 5
12 5 32 6
12 5 33 7
12 5 34 8
12 5 35 9
12 5 36 10
12 5 37 11
12 5 38 12
12 5 39 13
12 5 40 14
12 5 41 15
12 5 42 16
12 5 43 17
12 5 44 18
12 6 1 15
12 6 2 15
12 6 3 15
12 6 4 15
12 6 5 15
12 6 6 15
12 6 7 15
12 6 8 15
12 6 9 15
12 6 10 15
12 6 11 15
12 6 12 15
12 6 13 15
12 6 14 15
12 6 15 15
12 6 16 15
12 6 17 15
12 6 18 15
12 6 19 15
12 6 20 15
12 6 21 15
12 6 22 15
12 6 23 15
12 6 24 15
12 6 25 15
12 6 26 15
12 6 27 15
12 6 28 15
12 6 29 15
12 6 30 15
12 6 31 15
12 6 32 15
12 6 33 15
12 6 34 15
12 6 35 15
12 6 36 15
12 6 37 15
12 6 38 15
12 6 39 15
12 6 40 15
12 6 41 15
12 6 42 15
12 6 43 15
12 6 44 15
12 6 45 15
12 6 46 15
12 6 47 15
12 6 48 15
12 6 49 15
12 6 50 15
12 6 51 15
12 6 52 15
12 6 53 15
12 6 54 15
12 6 55 15
12 6 56 15
12 6 57 15
12 6 58 15
12 6 59 15
12 6 60 15
12 6 61 15
12 6 62 15
12 6 63 15
12 6 64 15
12 6 65 15
12 6 66 15
12 12 5 -1
12 12 6 -1
12 12 7 -1
12 12 8 -1
12 12 9 -1
12 12 10 -1
12 12 11 -1
12 12 12 -1
12 12 13 -1
12 12 14 -1
12 12 15 -1
12 12 16 -1
12 12 17 -1
12 12 18 -1
12 12 19 -1
12 12 20 -1
12 12 21 -1
12 12 22 -1
12 12 23 -1
12 12 24 -1
12 12 25 -1
12 12 26 -1
12 12 27 -1
12 12 28 -1
12 12 29 -1
12 12 30 -1
12 12 31 -1
12 12 32 -1
12 12 33 -1
12 12 34 -1
12 12 35 -1
12 12 36 -1
12 12 37 -1
12 12 38 -1
12 12 39 -1
12 12 40 -1
12 12 41 -1
13 1 18 1
13 2 1 1
13 2 2 1
13 2 3 1
13 2 4 1
13 2 5 1
13 2 6 1
13 2 7 1
13 2 8 1
13 2 9 1
13 2 10 1
13 2 11 1
13 2 12 1
13 2 13 1
13 2 14 1
13 2 15 1
13 2 16 1
13 2 17 1
13 13 23 1
13 14 1 1
13 14 2 1
13 14 3 1
13 14 4 1
13 14 5 1
13 14 6 1
13 14 7 1
13 14 8 1
13 14 9 1
13 14 10 1
13 14 11 1
13 14 12 1
13 14 13 1
13 14 14 1
15 3 33 1
15 3 34 2
15 3 35 3
15 3 36 4
15 3 37 5
15 3 38 6
15 4 1 6
15 4 2 6
15 4 3 6
15 4 4 6
15 4 5 6
15 4 6 6
15 4 7 6
15 4 8 6
15 4 9 6
15 4 10 6
15 4 11 6
15 4 12 6
15 4 13 6
15 4 14 6
15 4 15 6
15 4 16 6
15 4 17 6
15 7 68 1
15 7 69 1
15 7 70 1
15 7 71 1
15 7 72 1
15 10 1 -1
15 10 2 -1
15 10 3 -1
15 10 4 -1
15 10 5 -1
15 10 6 -1
15 10 7 -1
15 10 8 -1
15 10 9 -1
15 10 10 -1
15 10 11 -1
15 10 12 -1
15 10 13 -1
15 10 14 -1
15 10 15 -1
15 10 16 -1
15 10 17 -1
15 10 18 -1
15 10 19 -1
15 10 20 -1
15 10 21 -1
15 10 22 -1
15 10 23 -1
15 10 24 -1
15 10 25 -1
15 10 26 -1
15 10 27 -1
15 10 28 -1
15 10 29 -1
15 10 30 -1
15 10 31 -1
15 10 32 -1
15 10 33 -1
15 10 34 -1
15 10 35 -1
15 10 36 -1
15 10 37 -1
15 10 38 -1
15 10 39 -1
15 10 40 -1
17 38 39 1
17 38 40 2
17 38 41 3
17 39 1 3
17 39 2 3
17 39 3 3
17 39 4 3
17 39 5 3
17 39 6 3
17 39 7 3
17 39 8 3
17 39 9 3
17 39 10 3
17 39 11 3
17 39 12 3
17 39 13 3
17 39 14 3
17 39 15 3
17 39 16 3
17 39 17 3
17 39 18 3
17 39 19 3
17 39 20 3
17 39 21 3
17 39 22 3
17 39 23 3
17 39 24 3
17 39 25 3
17 39 26 3
17 39 27 3
17 39 28 3
17 39 29 3
17 39 30 3
17 40 1 -5
17 40 2 -5
17 40 3 -5
17 40 4 -5
17 40 5 -5
17 40 6 -5
17 40 7 -5
17 40 8 -5
17 40 9 -5
17 40 10 -5
17 40 11 -5
17 40 12 -5
17 40 13 -5
17 40 14 -5
17 40 15 -5
17 40 16 -5
17 40 17 -5
17 40 18 -5
17 40 19 -5
17 40 20 -5
17 40 21 -5
17 40 22 -5
17 40 23 -5
17 40 24 -5
17 40 25 1
17 40 26 2
17 40 27 3
17 40 28 4
17 40 29 5
17 40 30 6
17 40 31 7
17 40 32 8
17 41 1 8
17 41 2 8
17 41 3 8
17 41 4 8
17 41 5 8
17 41 6 8
17 41 7 8
17 41 8 8
17 41 9 8
17 41 10 8
17 41 11 8
17 41 12 8
17 41 13 8
17 41 14 8
17 41 15 8
17 41 16 8
17 41 17 8
17 41 18 8
17 41 19 8
17 41 20 8
17 41 21 8
17 41 22 8
17 41 23 8
17 41 24 8
17 41 25 8
17 41 26 8
20 4 17 1
20 5 1 1
20 5 2 1
20 5 3 1
20 5 4 1
20 5 5 1
20 5 6 1
20 5 7 1
20 5 8 1
20 5 9 1
20 5 10 1
20 5 11 1
20 5 12 1
20 5 13 1
20 5 14 1
20 5 15 1
20 5 16 1
20 5 17 1
20 5 18 1
20 5 19 1
21 6 1 -3
21 6 2 -3
21 6 3 -3
21 6 4 -3
21 6 5 -3
21 6 6 -3
21 6 7 -3
21 6 8 -3
21 6 9 -3
21 6 10 -3
21 6 11 -3
21 6 12 -3
21 7 1 -1
21 7 2 -1
21 7 3 -1
21 7 4 -1
21 7 5 -1
21 7 6 -1
21 7 7 -1
21 7 8 -1
21 7 9 -1
21 7 10 -1
21 7 11 -1
21 7 12 -1
21 7 13 -1
21 7 14 -1
22 8 23 1
22 9 1 1
22 9 2 1
22 9 3 1
22 9 4 1
22 9 5 1
22 9 6 1
22 9 7 1
22 9 8 1
22 9 9 1
22 9 10 1
22 9 11 1
22 9 12 1
22 9 13 1
22 9 14 1
22 9 15 1
22 9 16 1
22 9 17 1
22 9 18 1
22 9 19 1
22 9 20 1
22 63 19 : 22 63 19 22 64 1
23 8 23 1
23 9 1 1
23 9 2 1
23 9 3 1
23 9 4 1
23 9 5 1
23 9 6 1
23 9 7 1
23 9 8 1
23 9 9 1
23 9 10 1
23 9 11 1
23 9 12 1
23 9 13 1
23 9 14 1
23 9 15 1
23 9 16 1
23 9 17 1
23 9 18 1
23 9 19 1
23 9 20 1
23 9 21 1
23 9 22 1
23 9 23 1
23 9 24 1
23 9 25 1
25 21 1 -5
25 21 2 -5
25 21 3 -5
25 21 4 -5
25 21 5 -5
25 21 6 -5
25 21 7 -5
25 21 8 -5
25 21 9 -5
25 21 10 -5
25 21 11 -5
25 21 12 -5
25 21 13 -5
25 21 14 -5
25 21 15 -5
25 21 16 -5
25 21 17 -5
25 21 18 -5
25 21 19 -5
25 21 20 -5
25 21 21 -5
25 21 22 -5
25 21 23 -5
25 21 24 -5
25 21 25 -5
25 21 26 -5
25 21 27 -5
25 21 28 -5
25 21 29 -5
25 21 30 -5
25 21 31 -5
25 21 32 -5
25 21 33 -5
25 21 34 -5
25 21 35 -5
25 21 36 -5
25 21 37 -5
26 6 1 -1
26 6 2 -1
26 6 3 -1
26 6 4 -1
26 6 5 -1
26 6 6 -1
26 6 7 -1
26 6 8 -1
26 6 9 -1
26 6 10 -1
26 6 11 -1
26 6 12 -1
26 6 13 -1
26 6 14 -1
26 6 15 -1
26 6 16 -1
26 6 17 -1
26 6 18 -1
26 6 19 -1
26 6 20 -1
26 6 21 -1
26 6 22 -1
26 6 23 -1
26 6 24 -1
26 6 25 -1
26 6 26 -1
26 6 27 -1
26 6 28 -1
26 6 29 -1
27 2 1 -3
27 2 2 -3
27 2 3 -3
27 2 4 -3
27 2 5 -3
27 2 6 -3
27 2 7 -3
27 2 8 -3
27 2 9 -3
27 2 10 -3
27 2 11 -3
27 2 12 -3
27 2 13 -3
27 2 14 -3
27 2 15 -3
27 2 16 -3
27 2 17 -3
27 2 18 -3
27 2 19 -3
27 2 20 -3
27 2 21 -3
27 2 22 -3
27 2 23 -3
27 2 24 -3
27 2 25 -3
27 12 1 -1
27 12 2 -1
27 12 3 -1
27 12 4 -1
27 12 5 -1
27 12 6 -1
27 12 7 -1
27 12 8 -1
27 12 9 -1
27 12 10 -1
27 12 11 -1
27 12 12 -1
27 12 13 -1
27 12 14 -1
27 12 15 -1
28 3 1 -5
28 3 2 -5
28 3 3 -5
28 3 4 -5
28 3 5 -5
28 4 1 -21
28 4 2 -21
28 4 3 -21
28 4 4 -21
28 4 5 -21
28 4 6 -21
28 4 7 -21
28 4 8 -21
28 4 9 -21
28 4 10 -21
28 4 11 -21
28 4 12 -21
28 4 13 -21
28 4 14 -21
28 4 15 -21
28 4 16 -21
28 4 17 -21
28 4 18 -21
28 4 19 -21
28 4 20 -21
28 4 21 -21
32 4 14 1
32 5 1 1
32 5 2 1
32 5 3 1
32 5 4 1
32 5 5 1
32 5 6 1
32 5 7 1
32 5 8 1
32 5 9 1
32 5 10 1
32 5 11 1
32 5 12 1
32 5 13 1
32 5 14 1
33 2 1 -1
33 2 2 -1
33 2 3 -1
33 2 4 -1
33 2 5 -1
33 2 6 -1
33 2 7 -1
33 2 8 -1
33 2 9 -1
33 2 10 -1
33 2 11 -1
33 2 12 -1
33 2 13 -1
33 2 14 -1
37 2 1 -4
37 2 2 -4
37 2 3 -4
37 2 4 -4
37 2 5 -4
37 2 6 -4
37 2 7 -4
37 2 8 -4
37 2 9 -4
37 2 10 -4
37 2 11 -4
37 2 12 -4
37 2 13 -4
37 2 14 -4
37 2 15 -4
37 2 16 -4
37 2 17 -4
38 3 19 1
38 3 20 2
38 3 21 3
38 3 22 4
38 3 23 5
38 3 24 6
41 23 56 : 41 23 56 41 23 57
42 1 38 : 42 1 38 42 1 39
42 1 39 1
42 1 40 1
42 1 41 1
42 1 42 1
42 1 43 1
42 1 44 1
42 1 45 1
42 1 46 1
42 1 47 1
42 1 48 1
42 1 49 1
42 1 50 1
42 1 51 1
42 1 52 1
